 0  0 22 22 22 22 22 
--------------------
 1  1  2  6 14 18 22 
 2  2  6 14 18 22 22 
 3  3 10 18 22 22 22 
 4  4 10 18 22 22 22 
 5  5 14 18 22 22 22 
 6  6 14 18 22 22 22 
 7  7 14 18 22 22 22 
 8  8 14 18 22 22 22 
 9  9 18 22 22 22 22 
10 10 18 22 22 22 22 
11 11 18 22 22 22 22 
12 12 18 22 22 22 22 
13 13 18 22 22 22 22 
14 14 18 22 22 22 22 
15 15 18 22 22 22 22 
16 16 18 22 22 22 22 
17 17 22 22 22 22 22 
18 18 22 22 22 22 22 
--------------------
19 19 22 22 22 22 22 
20 20 22 22 22 22 22 
21 21 22 22 22 22 22 
22  0 22 22 22 22 22 
23 23 22 22 22 22 22 
24 24 22 22 22 22 22 
25 25 22 22 22 22 22 
26 26 22 22 22 22 22 
27 27 22 22 22 22 22 
28 28 22 22 22 22 22 
29 29 22 22 22 22 22 
30 30 22 22 22 22 22 
31 31 22 22 22 22 22 
32 32 22 22 22 22 22 
33 33 26 22 22 22 22 
34 34 26 22 22 22 22 
35 35 26 22 22 22 22 
36 36 26 22 22 22 22
--------------------
