width = 32

[[0, 0, 22],
 [1, 1, 2, 6, 14, 18, 22],
 [2, 2, 6, 14, 18, 22],
 [3, 3, 10, 18, 22],
 [4, 4, 10, 18, 22],
 [5, 5, 14, 18, 22],
 [6, 6, 14, 18, 22],
 [7, 7, 14, 18, 22],
 [8, 8, 14, 18, 22],
 [9, 9, 18, 22],
 [10, 10, 18, 22],
 [11, 11, 18, 22],
 [12, 12, 18, 22],
 [13, 13, 18, 22],
 [14, 14, 18, 22],
 [15, 15, 18, 22],
 [16, 16, 18, 22],
 [17, 17, 22],
 [18, 18, 22],
 [19, 19, 22],
 [20, 20, 22],
 [21, 21, 22],
 [22, 0, 22],
 [23, 23, 22],
 [24, 24, 22],
 [25, 25, 22],
 [26, 26, 22],
 [27, 27, 22],
 [28, 28, 22],
 [29, 29, 22],
 [30, 30, 22],
 [31, 31, 22]]
